$ANSIBLE_VAULT;1.1;AES256
38353234623832363133343430356338316162393435636335363136393365643235323738666361
6566643535613866366133613438386635376165336365340a353966653333316136316530303762
64636532653838393937616661306530633162616136636230366264396130326466346339376630
3236333933643064340a323635613666373234616264343339633036356665666232346338363666
64356139613239323635303163366432343831393936623438336537386135656266306130616434
65306236366339636666393335663632646465656366326266346431333261653763343635613362
37663861396637663666636462356566373061303132386261346531666265633339353561346366
65666539656434623965633631306364666638633333356132306130353162343330393861303635
37313930336435393064663034386538616261333739373566346165633461636634643162386665
32663632643734336639306235383230623333393539353734303861613238383632306336616261
64646665313730353436626563316136633664353766383861313132646465666564373665663964
65666636323436353639646439353533656665643531646137393735366134633762343139336564
64313037363537323936666334336633373964336166356639316631636637363162373939373565
38393736323066396433616138356239613230653732643233316165323035643765306431623037
37343638343434356163393865316630616436313136303133306364373761636164333466313032
65326663383761383435633336626630646531336134326638646135373735363839646332333761
63346631363137393637356366363035333039663763336233373730343830343337646134613362
32613963366530316665653433333435653038623662313666643134346664333331636137333862
30333837343765343134663432333766633066306532666635626665346165316434313731346261
34653464663864366266663632343663333461613031313665303036313930653932316539656238
36393233383238393538373638303063633864643137633365663864356330303062356463386535
62613032373563653336303134653234373939356366356538323432306365373061383837363932
34373739396531333938353065353164353763653339336461393033613238633531316364396339
61613862386639376530383966626139366135386531373631633739613164326432383839653734
36363730353761343063363161363330303961333739376166633533643162343131366639343439
37386662663963346436666435623864623364306336663662333166666166386165373362383562
33343531356661326564383330326334656531623164373462653864666430363166396430623063
66363233386534306236613037323537313962356532326132633632383638303334376264356438
30636334666535333366643835303264333035386564356132623737303033626237653264373231
66383437623531646138646334366165343163356662613764363064383034656434656266376330
31313764383535616436356261646237633138343233303034393033313735643236643764303663
33323137386338623861373338643830356365326637303639313830653563306361393530326139
32383434626464376530646130323832376264656134656532623136306536323033333131383535
66623832313331646132616331386163393939653831316262393337633261366639393861633366
66396663326432356536616330373331653330613864633238393337366265313130343064613430
38353333643734353266393335396534313230383136343335316166663065626333343132333834
37353366393864366539623762353566303230363839343534313830383533633535616662346531
36663265313831396635393236376636613334383231313932306231306236303438643739363561
33636139393731316166653265613063396433643630396539303563653734376338356534333363
62623765353830626238323033616566633631343263616162376130333964353562363434653531
63383537396433656234326563653764653232623037623037663866356534363937396234316563
31663565623566623861333362306539373130306131623735663264646161306665333739663932
31663538363636326537393137393662303033666634333366646631636239333338343963666534
31613638333632656134316139623132373266366135623061316130623263316330636237306461
38373063376238393561616566363861346337316635653938396262356464313331333862323435
38323864353565323930636131366663373962313530366630643462643836393465373030616131
62383964303866386165383835613062656133323934323734663539343837343631313538393437
64353661313435353030323463383637333639383961333530646462626439646662626262306335
64326630633934323732353939666632363436383839326535626465366266346337353230626538
34333334663932376133616565636339633562323165623439336132353337626365623765323039
63343062353834653262396235663064646635356564396334663732643764393537393838363939
33663734326230383965613536613961323137356666656638623437323634316334653738363065
36373562386531313439393536353665656235663864303838363563393864613432353733633133
35343231383337313032316135313561626362393935393763356236666135623063626662636430
65656463653236323531653664643230666330313932393632653233346639616162666137303036
36363336623230303661396430653632386336613137646466613439366632363032666535363238
35323532346238323866356461393931636531336238336663313735663835666262303334383633
32663438306163323731336662363137303362383932333064303461303936363534343765383339
39306132313063303736663539326135656166613337366537353631353365396239366332366164
33643036346262316432623137346136663939663839633835613035613361613030643364323763
65326161656135626434316335353063373435326531393664653637396436653530633239376630
63643363633832366532613163366465373236353138306430613636633135656432363735623362
62303761356538363961303362643161646537666262303535383762656166336130393062636336
64613865613766303436626133643666666337656534613632353434353866373365306635343536
35633237646234626431613834343264356236623138333561373863316663666366306635373733
63316431616666663736393235623733383262303165366537323463313432336630313765313665
64643737363134386634663037616262396565646665646461663863666136306633643839333130
62353261386665663230313838326432343738303534636338393334313433633966366438363036
35323766366634623664373562373764633566303739653331623162363264373163623235333864
38383133616638383533373261313063623265373964633139363735633533643837353430356332
32656263653830643134376233353564623736326433326133333965663034343130353334623761
65663633636134646436623463616239313863636663663165653339656634643133646265653732
34336364653631326136353832376335646332633839376638666632303930356566323932373135
38653135636661313863353838323461343266363564623663393362336437303363616165623030
34363533336366373632356166353837613161656565393534646635386630393532323063366663
30336337313562366531366131653435653036663666653265633135656262363338356538386430
36376565646138323062323431626136353162616664643836373438393631653735636530366662
64393333353034333332323133343133616535323439346236316331663336633331323735366538
35643965346138653735306161613362356436303739356263633261343033336539613030313031
38303138653136373364383336303861306263356432333939363631623265656437313664626438
35336465383233613362323835633435353831643066633136363033336135323730636536326464
35323039393765633066376135656133646433356538636630366462653932323739323333353133
30666431353364306633316664663537346665323831623333393965383631663331336433313866
34326431633435373232376136623332386230326235393161323739323631343338613365393031
35376464316363333432373930616237333936393933326534643238383962653837323562336263
36313663626662366662653532663633386138666365393634343834656231653033366633353636
34333265616637623437613539333631386338636365646239346465323366353336656631393863
32336339643964393032636439303436386131376363386239336536653537613738353038343565
37356661633239613861616138323331323231336430663034393632623435616439663866613533
62393638633566343234353639333431353633376338353637643463353162303738383239613337
30303633313563633334366533333033363566343162353833346163666635346236613762306266
61386438353135396332333934663838363165333837633065306135383339323635323433333038
39386262666235303662326439343832383365386161356466393533326136323861363134613163
63386439643462626163363661303639613331643830643635613163306564343336613637346136
31616236336163306434316263333639333539383938343061366533643834656464656434623333
66356533303035303662363264376436373664353666333030393966323933636339313332366231
64626538363838303836316466663063656365306237653366626139643863373937353463653934
38363836373465623439663561616362373932313837643164396432323637373938663963323563
62396331303761383930383039373263326261643531353565373433373664633135363330623539
37666238383763333863663766333463643131353961323465376539373032383265616339613562
64333165396530323235303066343066333938643631326232663962313233626339613438393134
31643665353230643537343463616362666238643062316466613162396633333765383861636434
33393234383238653937343335646631656364316235346663393062376334353930303934333263
66313464343738633963643139333034323739653461326436656261646361386237393330346631
30646431313238646137353765326161663635663237323430633936353733336436616630653935
63353563313965663263343363633239343237393965383766653838666431633639313861663866
63626230623636333963396366373331306433333938616239386439616633633636353638316363
35313234646130633761386362643036386562663039343338633032363661336464346362633637
36383765306639616630653635393966363162613164653464323330656334306430316230646635
39343863316630623032363163663838636433353862363664363536313331633965333462396134
64323136656162643365303762363636626239353636616137653665646339663235376338616436
33333939333336363833316536653962306632626564383665636536363335643034353239383237
31303731393763366330356263623733616131633634336235613866346230623338363634653130
61666464623964363838336335663563656661306337653937623234636330643139346537316236
65376362333966643966346565653338313563316636373362303565333534636435393436633831
39383763613039643630616161353463396163656661383234663835613537303239643033376566
63393036343632356137373734646439376235396539633133616361666564666534373834323837
62313864663561346664383162346431303430623632306231666138343730303761323034386238
38343261353232366361613133326530383437383838336235383736356361646431373338643865
61363739396130356663393439393866613631323464353232333132653934376538316434653237
33636535613139316537346662363535333232663231353262333562333534343339363138356231
31383464383231376337326266316132313034666666363262306664363938363831626366363433
64316435646138376638643632396332346366633663316434613139393066353565633134646665
62333932313362623461323733396133363439303931346438643231613862333939376464303033
39336438323661633862643561383461616538616231656565636664666338333832653238383631
30376561386465666535303232636364373035396563363334623733393634633539663132616438
64626638316436353165366561663231666133336132336139333464613736316664363036613230
36663834336339323638626633396366376537656532663564373664626634333734653536356435
35613237633930396332643931333761356136343362366331373933353864313463653438316336
35393464336533386666376465373536663262666530343438393166346266353639653436353632
35323462376562616635663666346535626564373763396432613334646334383663316538656263
32333262386338613839646563393037636161306432646339646538363436633339653631366432
61313366393038363763326465663037386166306131386139636230323266373365643161613363
61613561346261393438323162343139303231323636653761323433643565313633386564396563
336237383436646338363764383235626632
