$ANSIBLE_VAULT;1.1;AES256
37323432633565656236383639613864336138366164656335373766626564653964396236336333
6335343039363064613365346137323065663236663030340a643765636631623065616430663463
30616434376436393766643737343138336265616264336564653066343535623362333830616266
6366333835653135340a303934613561333635326135636533303731636630643264643564393963
30653131353566663238313162343130666433313235316236343937333135653565656330613930
32373535613234346336643663323339653138316134353338326237383863326565366437613165
32616531646233616536623634646537633239633266356230616136636161323061326562363963
31336663323935383630353562656138396437643162396436656331356238303534373535363239
66323938343637303764633639316164383831356232633533653664333233363335626266666630
33333334383061363936306438613338393535336532643730336166616537386563623930386139
613934363439326132643462623463633933
