$ANSIBLE_VAULT;1.1;AES256
64643239386533346234393535386663393032353632616634376139353532613863323232613938
3165393033626330363436643430333331336637616661340a643831656266643036666136646164
65613864306533326633356334353239396534373434386236393162626436653266353531653830
3138323166663734340a376135633930373739656265336464653765623132366438376435366538
32383730666631656162353533326337363561373137303463636164396434353831376239636639
30343861656533356537656638326432613566333564633564343965663664313333646532383234
37353938336333336262646539363631356532353633666462626366653565646338376230356234
61353866616334363038313262303731613732373531396132376534306166336539343631323830
38643739356338646136376630383535376634353338663136636533636436636633383762393463
33623338343865616361383731356330336235386536366466396539326163643733626630636137
36356136373538663763353030306435336233346636303631656564393738663161633461386565
38343461356132313237633931313831343138363931633166663162643635313237323832636364
64616333336466383938623435353262636634373561643036373961333961326562613535396434
36373564376664303065333937633335393161643263663435313865353665386435336338326332
36313930653865313037323234633435653736626336626362316438393238383962656634666133
64656530313862313432343731646165663031363039396636336637636335663938313238366431
3331
